weight_factor: 0.23754
columns: 48
max_depth: 4
estimators: 152
split: 0.56435
trees: 33
min_split: 12
sample: 0.22606
ngrams: 5
epochs: 22
