weight_factor: 0.22888
columns: 46
max_depth: 3
estimators: 118
split: 0.37893
trees: 29
min_split: 19
sample: 0.24027
ngrams: 4
epochs: 23
