weight_factor: 0.16303
columns: 58
max_depth: 4
estimators: 112
split: 0.4486
trees: 26
min_split: 14
sample: 0.24822
ngrams: 6
epochs: 16
