weight_factor: 0.18009
columns: 49
max_depth: 4
estimators: 156
split: 0.41786
trees: 36
min_split: 15
sample: 0.21944
ngrams: 7
epochs: 22
