weight_factor: 0.24154
columns: 48
max_depth: 4
estimators: 144
split: 0.42169
trees: 25
min_split: 15
sample: 0.26395
ngrams: 5
epochs: 18
