weight_factor: 0.18112
columns: 60
max_depth: 4
estimators: 121
split: 0.42354
trees: 31
min_split: 13
sample: 0.23193
ngrams: 6
epochs: 15
