weight_factor: 0.19434
columns: 43
max_depth: 4
estimators: 113
split: 0.48632
trees: 35
min_split: 17
sample: 0.22439
ngrams: 7
epochs: 23
