weight_factor: 0.23282
columns: 47
max_depth: 3
estimators: 169
split: 0.57691
trees: 24
min_split: 12
sample: 0.21253
ngrams: 4
epochs: 22
