weight_factor: 0.19005
columns: 40
max_depth: 4
estimators: 118
split: 0.56949
trees: 30
min_split: 15
sample: 0.28714
ngrams: 6
epochs: 18
