weight_factor: 0.15319
columns: 54
max_depth: 4
estimators: 148
split: 0.43942
trees: 36
min_split: 18
sample: 0.18818
ngrams: 5
epochs: 17
