weight_factor: 0.19306
columns: 38
max_depth: 4
estimators: 116
split: 0.38529
trees: 28
min_split: 16
sample: 0.23686
ngrams: 6
epochs: 20
