weight_factor: 0.24433
columns: 45
max_depth: 4
estimators: 125
split: 0.51049
trees: 31
min_split: 15
sample: 0.27468
ngrams: 5
epochs: 19
