weight_factor: 0.21718
columns: 40
max_depth: 3
estimators: 145
split: 0.39109
trees: 30
min_split: 14
sample: 0.30814
ngrams: 4
epochs: 20
