weight_factor: 0.19885
columns: 57
max_depth: 3
estimators: 126
split: 0.47934
trees: 26
min_split: 15
sample: 0.28002
ngrams: 5
epochs: 24
