weight_factor: 0.21088
columns: 54
max_depth: 3
estimators: 163
split: 0.4256
trees: 30
min_split: 14
sample: 0.29477
ngrams: 6
epochs: 24
