weight_factor: 0.18507
columns: 53
max_depth: 3
estimators: 145
split: 0.50664
trees: 32
min_split: 14
sample: 0.26318
ngrams: 4
epochs: 23
