weight_factor: 0.23021
columns: 53
max_depth: 4
estimators: 117
split: 0.37596
trees: 24
min_split: 19
sample: 0.27729
ngrams: 6
epochs: 15
