weight_factor: 0.24003
columns: 55
max_depth: 3
estimators: 149
split: 0.56995
trees: 32
min_split: 18
sample: 0.25379
ngrams: 6
epochs: 23
