weight_factor: 0.18753
columns: 50
max_depth: 4
estimators: 104
split: 0.54258
trees: 27
min_split: 19
sample: 0.2541
ngrams: 7
epochs: 15
