weight_factor: 0.17747
columns: 45
max_depth: 3
estimators: 137
split: 0.42169
trees: 28
min_split: 16
sample: 0.26395
ngrams: 5
epochs: 15
