weight_factor: 0.22361
columns: 47
max_depth: 4
estimators: 113
split: 0.58581
trees: 35
min_split: 19
sample: 0.22439
ngrams: 7
epochs: 23
