weight_factor: 0.20573
columns: 44
max_depth: 3
estimators: 146
split: 0.42632
trees: 31
min_split: 12
sample: 0.2243
ngrams: 4
epochs: 17
