weight_factor: 0.23817
columns: 63
max_depth: 3
estimators: 162
split: 0.37943
trees: 33
min_split: 13
sample: 0.29003
ngrams: 4
epochs: 21
