weight_factor: 0.16303
columns: 40
max_depth: 4
estimators: 112
split: 0.49897
trees: 28
min_split: 14
sample: 0.30247
ngrams: 6
epochs: 16
