weight_factor: 0.23817
columns: 63
max_depth: 4
estimators: 135
split: 0.49086
trees: 35
min_split: 19
sample: 0.24493
ngrams: 6
epochs: 20
