weight_factor: 0.22715
columns: 53
max_depth: 4
estimators: 113
split: 0.50675
trees: 24
min_split: 12
sample: 0.22522
ngrams: 6
epochs: 21
