weight_factor: 0.18222
columns: 59
max_depth: 3
estimators: 160
split: 0.6121
trees: 36
min_split: 18
sample: 0.22156
ngrams: 6
epochs: 21
