weight_factor: 0.19577
columns: 44
max_depth: 3
estimators: 142
split: 0.57858
trees: 32
min_split: 15
sample: 0.30129
ngrams: 5
epochs: 19
