weight_factor: 0.2488
columns: 54
max_depth: 4
estimators: 149
split: 0.47354
trees: 30
min_split: 16
sample: 0.29362
ngrams: 5
epochs: 17
