weight_factor: 0.19072
columns: 40
max_depth: 4
estimators: 123
split: 0.45772
trees: 30
min_split: 12
sample: 0.19955
ngrams: 4
epochs: 16
