weight_factor: 0.18133
columns: 52
max_depth: 4
estimators: 115
split: 0.50384
trees: 27
min_split: 17
sample: 0.29747
ngrams: 6
epochs: 15
