weight_factor: 0.23472
columns: 45
max_depth: 3
estimators: 132
split: 0.56984
trees: 37
min_split: 18
sample: 0.30214
ngrams: 7
epochs: 21
