weight_factor: 0.15587
columns: 54
max_depth: 3
estimators: 165
split: 0.56984
trees: 28
min_split: 16
sample: 0.23794
ngrams: 7
epochs: 16
