weight_factor: 0.21134
columns: 48
max_depth: 3
estimators: 162
split: 0.43065
trees: 37
min_split: 12
sample: 0.2752
ngrams: 6
epochs: 18
