weight_factor: 0.1992
columns: 59
max_depth: 4
estimators: 156
split: 0.49225
trees: 28
min_split: 13
sample: 0.25248
ngrams: 7
epochs: 15
