weight_factor: 0.24755
columns: 58
max_depth: 3
estimators: 112
split: 0.50948
trees: 26
min_split: 14
sample: 0.24822
ngrams: 6
epochs: 16
