weight_factor: 0.19394
columns: 52
max_depth: 3
estimators: 113
split: 0.45997
trees: 24
min_split: 18
sample: 0.25874
ngrams: 5
epochs: 23
