weight_factor: 0.22194
columns: 41
max_depth: 3
estimators: 143
split: 0.47044
trees: 36
min_split: 13
sample: 0.20595
ngrams: 5
epochs: 16
