weight_factor: 0.21127
columns: 48
max_depth: 4
estimators: 152
split: 0.49349
trees: 32
min_split: 16
sample: 0.21889
ngrams: 5
epochs: 24
