weight_factor: 0.17111
columns: 53
max_depth: 4
estimators: 136
split: 0.43941
trees: 26
min_split: 18
sample: 0.26195
ngrams: 5
epochs: 17
