weight_factor: 0.23817
columns: 63
max_depth: 4
estimators: 127
split: 0.49086
trees: 35
min_split: 16
sample: 0.24493
ngrams: 4
epochs: 20
