weight_factor: 0.21648
columns: 51
max_depth: 4
estimators: 107
split: 0.62242
trees: 30
min_split: 12
sample: 0.26377
ngrams: 5
epochs: 20
