weight_factor: 0.24433
columns: 47
max_depth: 3
estimators: 141
split: 0.51049
trees: 36
min_split: 15
sample: 0.27468
ngrams: 6
epochs: 19
