weight_factor: 0.1646
columns: 62
max_depth: 4
estimators: 160
split: 0.59011
trees: 23
min_split: 15
sample: 0.28556
ngrams: 5
epochs: 18
