weight_factor: 0.17304
columns: 50
max_depth: 3
estimators: 120
split: 0.54258
trees: 22
min_split: 17
sample: 0.2541
ngrams: 6
epochs: 24
