weight_factor: 0.22714
columns: 59
max_depth: 4
estimators: 156
split: 0.6121
trees: 36
min_split: 18
sample: 0.22156
ngrams: 6
epochs: 17
