weight_factor: 0.15452
columns: 52
max_depth: 3
estimators: 110
split: 0.46961
trees: 24
min_split: 15
sample: 0.24742
ngrams: 6
epochs: 19
