weight_factor: 0.19044
columns: 48
max_depth: 3
estimators: 153
split: 0.43867
trees: 37
min_split: 15
sample: 0.2572
ngrams: 5
epochs: 17
