weight_factor: 0.18753
columns: 47
max_depth: 4
estimators: 156
split: 0.54258
trees: 24
min_split: 14
sample: 0.25283
ngrams: 7
epochs: 15
