weight_factor: 0.23472
columns: 45
max_depth: 3
estimators: 132
split: 0.54607
trees: 29
min_split: 13
sample: 0.22761
ngrams: 7
epochs: 18
