weight_factor: 0.17787
columns: 57
max_depth: 4
estimators: 137
split: 0.47934
trees: 32
min_split: 18
sample: 0.28002
ngrams: 5
epochs: 19
