weight_factor: 0.21127
columns: 48
max_depth: 4
estimators: 152
split: 0.49349
trees: 35
min_split: 16
sample: 0.2689
ngrams: 4
epochs: 23
