weight_factor: 0.2488
columns: 54
max_depth: 4
estimators: 149
split: 0.42623
trees: 34
min_split: 18
sample: 0.26766
ngrams: 4
epochs: 20
