weight_factor: 0.17111
columns: 58
max_depth: 3
estimators: 139
split: 0.43941
trees: 25
min_split: 18
sample: 0.2459
ngrams: 5
epochs: 17
