weight_factor: 0.16321
columns: 48
max_depth: 3
estimators: 158
split: 0.44087
trees: 29
min_split: 14
sample: 0.2752
ngrams: 6
epochs: 18
