weight_factor: 0.2414
columns: 43
max_depth: 3
estimators: 132
split: 0.57522
trees: 33
min_split: 16
sample: 0.21121
ngrams: 5
epochs: 20
