weight_factor: 0.21833
columns: 47
max_depth: 4
estimators: 160
split: 0.49086
trees: 36
min_split: 18
sample: 0.2183
ngrams: 6
epochs: 22
