weight_factor: 0.19394
columns: 55
max_depth: 4
estimators: 113
split: 0.58385
trees: 24
min_split: 18
sample: 0.23277
ngrams: 6
epochs: 23
