weight_factor: 0.20683
columns: 56
max_depth: 3
estimators: 102
split: 0.47106
trees: 29
min_split: 13
sample: 0.22536
ngrams: 7
epochs: 20
