weight_factor: 0.17304
columns: 50
max_depth: 3
estimators: 164
split: 0.42718
trees: 26
min_split: 17
sample: 0.2541
ngrams: 6
epochs: 23
