weight_factor: 0.18009
columns: 49
max_depth: 4
estimators: 129
split: 0.52718
trees: 36
min_split: 15
sample: 0.2247
ngrams: 6
epochs: 22
