weight_factor: 0.19044
columns: 40
max_depth: 3
estimators: 147
split: 0.37574
trees: 37
min_split: 15
sample: 0.2572
ngrams: 4
epochs: 20
