weight_factor: 0.19386
columns: 48
max_depth: 3
estimators: 119
split: 0.53083
trees: 29
min_split: 17
sample: 0.20528
ngrams: 5
epochs: 23
