weight_factor: 0.2291
columns: 49
max_depth: 4
estimators: 118
split: 0.53791
trees: 30
min_split: 15
sample: 0.26039
ngrams: 6
epochs: 17
