weight_factor: 0.15442
columns: 45
max_depth: 3
estimators: 121
split: 0.40282
trees: 28
min_split: 16
sample: 0.28433
ngrams: 5
epochs: 21
