weight_factor: 0.2153
columns: 53
max_depth: 4
estimators: 116
split: 0.41941
trees: 37
min_split: 15
sample: 0.27559
ngrams: 5
epochs: 17
