weight_factor: 0.1558
columns: 39
max_depth: 3
estimators: 133
split: 0.39846
trees: 30
min_split: 18
sample: 0.30006
ngrams: 5
epochs: 19
