weight_factor: 0.21396
columns: 52
max_depth: 3
estimators: 142
split: 0.62312
trees: 25
min_split: 15
sample: 0.30129
ngrams: 6
epochs: 19
