weight_factor: 0.2465
columns: 56
max_depth: 3
estimators: 132
split: 0.55434
trees: 28
min_split: 12
sample: 0.24565
ngrams: 5
epochs: 21
