weight_factor: 0.19005
columns: 40
max_depth: 4
estimators: 118
split: 0.53791
trees: 30
min_split: 18
sample: 0.20599
ngrams: 6
epochs: 17
