weight_factor: 0.15236
columns: 54
max_depth: 4
estimators: 141
split: 0.55652
trees: 34
min_split: 19
sample: 0.22439
ngrams: 5
epochs: 22
