weight_factor: 0.22566
columns: 53
max_depth: 4
estimators: 113
split: 0.58366
trees: 34
min_split: 12
sample: 0.22522
ngrams: 5
epochs: 23
