weight_factor: 0.18632
columns: 53
max_depth: 3
estimators: 113
split: 0.39967
trees: 24
min_split: 12
sample: 0.2528
ngrams: 6
epochs: 21
