weight_factor: 0.20192
columns: 58
max_depth: 4
estimators: 158
split: 0.58454
trees: 26
min_split: 13
sample: 0.29307
ngrams: 5
epochs: 21
