weight_factor: 0.23217
columns: 60
max_depth: 4
estimators: 149
split: 0.42623
trees: 34
min_split: 12
sample: 0.26766
ngrams: 6
epochs: 15
