weight_factor: 0.23472
columns: 45
max_depth: 3
estimators: 137
split: 0.54607
trees: 36
min_split: 18
sample: 0.27563
ngrams: 5
epochs: 22
