weight_factor: 0.17349
columns: 48
max_depth: 3
estimators: 133
split: 0.51521
trees: 28
min_split: 19
sample: 0.28687
ngrams: 5
epochs: 22
