weight_factor: 0.21127
columns: 48
max_depth: 4
estimators: 160
split: 0.59181
trees: 35
min_split: 15
sample: 0.29683
ngrams: 5
epochs: 23
