weight_factor: 0.22701
columns: 49
max_depth: 3
estimators: 147
split: 0.49897
trees: 33
min_split: 13
sample: 0.2319
ngrams: 5
epochs: 21
