weight_factor: 0.23795
columns: 43
max_depth: 4
estimators: 120
split: 0.37596
trees: 24
min_split: 19
sample: 0.29638
ngrams: 6
epochs: 23
