weight_factor: 0.20621
columns: 55
max_depth: 4
estimators: 110
split: 0.39013
trees: 31
min_split: 19
sample: 0.29013
ngrams: 4
epochs: 24
