weight_factor: 0.19105
columns: 40
max_depth: 4
estimators: 149
split: 0.59011
trees: 23
min_split: 15
sample: 0.28621
ngrams: 7
epochs: 15
