weight_factor: 0.19016
columns: 46
max_depth: 4
estimators: 111
split: 0.37893
trees: 25
min_split: 19
sample: 0.24027
ngrams: 4
epochs: 23
