weight_factor: 0.23426
columns: 44
max_depth: 4
estimators: 153
split: 0.38719
trees: 36
min_split: 18
sample: 0.25526
ngrams: 7
epochs: 21
