weight_factor: 0.15731
columns: 45
max_depth: 3
estimators: 121
split: 0.56984
trees: 28
min_split: 14
sample: 0.23794
ngrams: 7
epochs: 21
