weight_factor: 0.16857
columns: 43
max_depth: 4
estimators: 136
split: 0.37596
trees: 24
min_split: 19
sample: 0.29638
ngrams: 6
epochs: 23
