weight_factor: 0.22194
columns: 54
max_depth: 3
estimators: 118
split: 0.56949
trees: 30
min_split: 15
sample: 0.2547
ngrams: 4
epochs: 17
