weight_factor: 0.2156
columns: 53
max_depth: 4
estimators: 165
split: 0.44087
trees: 36
min_split: 16
sample: 0.22951
ngrams: 7
epochs: 23
