weight_factor: 0.19044
columns: 54
max_depth: 4
estimators: 129
split: 0.43867
trees: 34
min_split: 16
sample: 0.2572
ngrams: 6
epochs: 15
