weight_factor: 0.20837
columns: 54
max_depth: 4
estimators: 163
split: 0.4256
trees: 30
min_split: 18
sample: 0.29477
ngrams: 6
epochs: 23
