weight_factor: 0.18753
columns: 38
max_depth: 3
estimators: 156
split: 0.54258
trees: 27
min_split: 19
sample: 0.2541
ngrams: 7
epochs: 15
