weight_factor: 0.21586
columns: 54
max_depth: 4
estimators: 162
split: 0.40694
trees: 34
min_split: 12
sample: 0.25283
ngrams: 7
epochs: 22
