weight_factor: 0.17458
columns: 43
max_depth: 4
estimators: 109
split: 0.41088
trees: 24
min_split: 14
sample: 0.25068
ngrams: 6
epochs: 23
