weight_factor: 0.23669
columns: 48
max_depth: 4
estimators: 162
split: 0.43065
trees: 26
min_split: 12
sample: 0.20139
ngrams: 6
epochs: 18
