weight_factor: 0.21833
columns: 63
max_depth: 4
estimators: 135
split: 0.49086
trees: 36
min_split: 19
sample: 0.2183
ngrams: 6
epochs: 20
