weight_factor: 0.17826
columns: 55
max_depth: 4
estimators: 113
split: 0.37616
trees: 24
min_split: 18
sample: 0.23277
ngrams: 4
epochs: 23
