weight_factor: 0.19302
columns: 52
max_depth: 3
estimators: 127
split: 0.54007
trees: 35
min_split: 13
sample: 0.25998
ngrams: 7
epochs: 19
