weight_factor: 0.17111
columns: 54
max_depth: 4
estimators: 139
split: 0.56446
trees: 24
min_split: 18
sample: 0.18818
ngrams: 5
epochs: 17
