weight_factor: 0.22089
columns: 41
max_depth: 4
estimators: 132
split: 0.4256
trees: 22
min_split: 14
sample: 0.31164
ngrams: 6
epochs: 24
