weight_factor: 0.23817
columns: 63
max_depth: 3
estimators: 162
split: 0.37943
trees: 31
min_split: 15
sample: 0.2278
ngrams: 6
epochs: 21
