weight_factor: 0.19302
columns: 62
max_depth: 3
estimators: 127
split: 0.55528
trees: 30
min_split: 15
sample: 0.23176
ngrams: 4
epochs: 17
