weight_factor: 0.21466
columns: 50
max_depth: 3
estimators: 136
split: 0.55652
trees: 33
min_split: 12
sample: 0.27062
ngrams: 5
epochs: 23
