weight_factor: 0.22089
columns: 43
max_depth: 4
estimators: 143
split: 0.48632
trees: 22
min_split: 19
sample: 0.22439
ngrams: 7
epochs: 23
