weight_factor: 0.17283
columns: 41
max_depth: 4
estimators: 164
split: 0.42718
trees: 26
min_split: 18
sample: 0.20407
ngrams: 7
epochs: 22
