weight_factor: 0.22194
columns: 54
max_depth: 3
estimators: 118
split: 0.56949
trees: 37
min_split: 15
sample: 0.24171
ngrams: 6
epochs: 17
