weight_factor: 0.21286
columns: 59
max_depth: 4
estimators: 143
split: 0.49091
trees: 32
min_split: 15
sample: 0.21981
ngrams: 4
epochs: 23
