weight_factor: 0.2465
columns: 56
max_depth: 3
estimators: 112
split: 0.45549
trees: 30
min_split: 18
sample: 0.29857
ngrams: 5
epochs: 17
