weight_factor: 0.24669
columns: 50
max_depth: 4
estimators: 167
split: 0.62312
trees: 27
min_split: 14
sample: 0.19131
ngrams: 7
epochs: 19
