weight_factor: 0.17848
columns: 61
max_depth: 4
estimators: 148
split: 0.50664
trees: 28
min_split: 18
sample: 0.20839
ngrams: 5
epochs: 23
