weight_factor: 0.23754
columns: 48
max_depth: 3
estimators: 152
split: 0.59129
trees: 33
min_split: 12
sample: 0.22606
ngrams: 4
epochs: 22
