weight_factor: 0.24154
columns: 48
max_depth: 4
estimators: 137
split: 0.42169
trees: 25
min_split: 16
sample: 0.26395
ngrams: 5
epochs: 16
