weight_factor: 0.24162
columns: 45
max_depth: 3
estimators: 121
split: 0.56984
trees: 37
min_split: 16
sample: 0.20676
ngrams: 6
epochs: 19
