weight_factor: 0.2156
columns: 48
max_depth: 3
estimators: 164
split: 0.56958
trees: 36
min_split: 15
sample: 0.22951
ngrams: 7
epochs: 23
