weight_factor: 0.22194
columns: 54
max_depth: 3
estimators: 137
split: 0.39957
trees: 26
min_split: 19
sample: 0.20595
ngrams: 7
epochs: 16
