weight_factor: 0.22524
columns: 53
max_depth: 4
estimators: 117
split: 0.37596
trees: 29
min_split: 17
sample: 0.20726
ngrams: 7
epochs: 22
