weight_factor: 0.21675
columns: 58
max_depth: 4
estimators: 158
split: 0.60745
trees: 25
min_split: 19
sample: 0.29307
ngrams: 5
epochs: 23
