weight_factor: 0.15452
columns: 60
max_depth: 4
estimators: 110
split: 0.60508
trees: 33
min_split: 19
sample: 0.21373
ngrams: 5
epochs: 17
