weight_factor: 0.17848
columns: 46
max_depth: 4
estimators: 148
split: 0.47613
trees: 30
min_split: 15
sample: 0.28686
ngrams: 6
epochs: 23
