weight_factor: 0.16627
columns: 47
max_depth: 3
estimators: 169
split: 0.57691
trees: 33
min_split: 12
sample: 0.2601
ngrams: 4
epochs: 22
