weight_factor: 0.15626
columns: 39
max_depth: 4
estimators: 133
split: 0.60874
trees: 30
min_split: 18
sample: 0.24087
ngrams: 5
epochs: 17
