weight_factor: 0.17718
columns: 44
max_depth: 3
estimators: 103
split: 0.51521
trees: 28
min_split: 19
sample: 0.27838
ngrams: 4
epochs: 24
