weight_factor: 0.23426
columns: 47
max_depth: 4
estimators: 153
split: 0.47855
trees: 26
min_split: 13
sample: 0.20301
ngrams: 5
epochs: 21
