weight_factor: 0.19306
columns: 43
max_depth: 4
estimators: 116
split: 0.52756
trees: 26
min_split: 12
sample: 0.23686
ngrams: 7
epochs: 20
