weight_factor: 0.17111
columns: 46
max_depth: 3
estimators: 119
split: 0.43941
trees: 26
min_split: 18
sample: 0.19619
ngrams: 6
epochs: 17
