weight_factor: 0.15452
columns: 55
max_depth: 4
estimators: 110
split: 0.60543
trees: 31
min_split: 19
sample: 0.27408
ngrams: 5
epochs: 17
