weight_factor: 0.21283
columns: 58
max_depth: 4
estimators: 112
split: 0.50948
trees: 26
min_split: 17
sample: 0.2568
ngrams: 7
epochs: 16
