weight_factor: 0.23259
columns: 40
max_depth: 3
estimators: 132
split: 0.41056
trees: 24
min_split: 12
sample: 0.24749
ngrams: 5
epochs: 21
