weight_factor: 0.19302
columns: 49
max_depth: 3
estimators: 127
split: 0.54007
trees: 35
min_split: 19
sample: 0.25998
ngrams: 6
epochs: 19
