weight_factor: 0.20875
columns: 44
max_depth: 3
estimators: 162
split: 0.37953
trees: 33
min_split: 15
sample: 0.26071
ngrams: 5
epochs: 19
