weight_factor: 0.24745
columns: 61
max_depth: 3
estimators: 145
split: 0.50664
trees: 32
min_split: 14
sample: 0.26318
ngrams: 5
epochs: 23
