weight_factor: 0.23426
columns: 55
max_depth: 3
estimators: 102
split: 0.42856
trees: 36
min_split: 18
sample: 0.18789
ngrams: 7
epochs: 21
