weight_factor: 0.23259
columns: 42
max_depth: 3
estimators: 113
split: 0.41056
trees: 35
min_split: 12
sample: 0.24749
ngrams: 5
epochs: 16
