weight_factor: 0.18112
columns: 47
max_depth: 4
estimators: 121
split: 0.42354
trees: 32
min_split: 13
sample: 0.29062
ngrams: 5
epochs: 22
