weight_factor: 0.18536
columns: 58
max_depth: 4
estimators: 158
split: 0.60745
trees: 25
min_split: 13
sample: 0.29307
ngrams: 5
epochs: 21
