weight_factor: 0.19105
columns: 48
max_depth: 3
estimators: 149
split: 0.46113
trees: 32
min_split: 16
sample: 0.24952
ngrams: 6
epochs: 15
