weight_factor: 0.24067
columns: 54
max_depth: 3
estimators: 137
split: 0.40694
trees: 35
min_split: 12
sample: 0.25283
ngrams: 7
epochs: 18
