weight_factor: 0.15737
columns: 41
max_depth: 4
estimators: 156
split: 0.41786
trees: 36
min_split: 18
sample: 0.24117
ngrams: 7
epochs: 22
