weight_factor: 0.23817
columns: 63
max_depth: 4
estimators: 127
split: 0.49086
trees: 31
min_split: 16
sample: 0.26795
ngrams: 5
epochs: 20
