weight_factor: 0.24971
columns: 48
max_depth: 3
estimators: 145
split: 0.51521
trees: 28
min_split: 18
sample: 0.25451
ngrams: 6
epochs: 22
