weight_factor: 0.19105
columns: 48
max_depth: 3
estimators: 149
split: 0.56995
trees: 32
min_split: 12
sample: 0.23569
ngrams: 6
epochs: 15
