weight_factor: 0.20683
columns: 42
max_depth: 3
estimators: 117
split: 0.40507
trees: 29
min_split: 13
sample: 0.22536
ngrams: 7
epochs: 20
