weight_factor: 0.21481
columns: 41
max_depth: 4
estimators: 123
split: 0.59911
trees: 24
min_split: 13
sample: 0.27097
ngrams: 7
epochs: 24
