weight_factor: 0.2156
columns: 53
max_depth: 3
estimators: 140
split: 0.44087
trees: 36
min_split: 16
sample: 0.28686
ngrams: 7
epochs: 18
