weight_factor: 0.17216
columns: 57
max_depth: 3
estimators: 120
split: 0.47934
trees: 32
min_split: 15
sample: 0.25748
ngrams: 5
epochs: 15
