weight_factor: 0.22566
columns: 53
max_depth: 4
estimators: 113
split: 0.42718
trees: 34
min_split: 13
sample: 0.20407
ngrams: 5
epochs: 21
