weight_factor: 0.20875
columns: 49
max_depth: 3
estimators: 162
split: 0.37953
trees: 33
min_split: 19
sample: 0.18763
ngrams: 5
epochs: 19
